-32768
-32768
530
552
612
700
669
684
587
633
603
568
640
581
604
495
423
465
551
-32768
-32768
549
512
445
458
529
466
576
530
442
828
424
658
561
536
1431
284
478
663
650
789
696
732
733
682
684
616
631
587
590
551
537
513
551
587
541
482
385
468
517
520
439
-399
568
691
427
556
429
65
556
509
668
684
720
700
734
689
731
613
568
627
575
550
565
570
490
614
555
450
402
424
484
547
685
478
908
429
656
573
495
1391
354
455
663
711
754
745
735
756
687
740
746
645
626
582
615
482
477
607
604
534
506
452
417
546
523
494
-172
424
723
428
492
469
94
621
539
569
727
714
735
692
642
794
640
651
593
500
518
508
404
451
520
526
439
317
423
513
546
598
626
930
535
548
606
538
1135
589
372
689
713
776
673
686
749
751
753
735
662
658
731
673
548
614
653
603
615
519
453
471
548
502
557
126
296
791
476
576
500
136
500
545
725
766
731
680
693
741
702
694
626
650
639
603
457
491
506
462
566
490
440
366
477
538
594
539
604
715
425
583
553
891
765
356
694
566
730
703
689
705
732
714
672
741
675
610
625
475
505
539
601
596
530
502
429
553
497
506
370
70
610
501
452
412
437
402
596
578
755
744
674
659
702
625
589
639
660
591
560
538
484
529
533
623
433
438
519
462
609
540
508
180
908
533
579
514
681
782
240
720
760
730
666
702
765
784
684
741
714
600
641
534
512
429
614
647
637
524
456
526
682
620
577
465
308
616
548
530
572
1033
146
665
687
663
651
698
862
770
742
778
722
644
595
562
429
489
553
568
656
571
550
427
519
608
605
578
-29
951
512
501
586
537
709
343
673
758
820
787
756
761
831
723
656
584
733
598
528
541
529
607
581
497
428
349
461
558
458
450
446
352
529
603
510
475
1129
-7
633
596
651
667
738
684
735
691
655
612
626
581
511
618
523
539
510
590
539
488
507
439
532
645
605
-409
866
542
560
487
538
462
376
568
750
725
741
650
707
706
617
588
688
601
556
580
518
456
586
583
508
473
409
465
434
532
592
427
591
439
607
513
516
1434
175
670
769
647
727
720
778
830
747
770
774
715
689
573
604
513
570
588
538
507
413
423
428
446
566
562
-338
795
622
449
510
410
302
503
473
706
740
788
762
743
712
527
629
621
633
620
586
498
514
566
600
517
474